-500    -4939.88
-400	-4939.88
-395	-4923
-390	-4908.5
-385	-4885.61
-380	-4861.52
-375	-4868.5
-370	-4870.79
-365	-4863.52
-360	-4842.64
-355	-4817.47
-350	-4794
-345	-4751.48
-340	-4685.86
-335	-4646
-330	-4610.04
-325	-4546.75
-320	-4506
-315	-4411.43
-310	-4440.44
-305	-4466.5
-300	-4442.5
-295	-4448.5
-290	-4398.69
-285	-4360.12
-280	-4311
-275	-4299.3
-270	-4181.98
-265	-3387.92
-260	-1869.97
-255	-1496.11
-250	-2718.41
-245	-3735.99
-240	-4234.93
-235	-4299.5
-230	-4304.03
-225	-4295.17
-220	-4295
-215	-4295.1
-210	-4303.22
-205	-4311
-200	-4304.75
-195	-4324.06
-190	-4318
-185	-4293.34
-180	-4227.12
-175	-4239.5
-170	-4257.2
-165	-4267.83
-160	-4278.5
-155	-4317.51
-150	-4314.57
-145	-4400.5
-140	-4233.22
-135	-3930.91
-130	-3850.53
-125	-4403.53
-120	-4506.03
-115	-4561.5
-110	-4602.2
-105	-4640.44
-100	-4696.5
-95	-4734.97
-90	-4788.93
-85	-4810.62
-80	-4786.68
-75	-4698
-70	-2987
-65	-2544.08
-60	-1557.41
-55	-1122
-50	-677.5
-45	-611.638
-40	-592.639
-35	-463
-30	-387.558
-25	-430.846
-20	-482.708
-15	-555.854
-10	-576.855
-5	-545.56
0	-414.588
30	-720.726
35	-1065.58
40	-1772.34
45	-2046.27
50	-2486.69
55	-2851.33
60	-2705.57
65	-2739.23
70	-2786.71
75	-3455.03
80	-4309.29
85	-4537.76
90	-4587.71
95	-4604.17
100	-4626.32
105	-4738.81
110	-4755.76
115	-4742.62
120	-4738.61
125	-4749.57
130	-4766.24
135	-4774.59
140	-4773.44
145	-4774.57
150	-4754.35
155	-4715.59
160	-4657.25
165	-4623.28
170	-4594.79
175	-4565.96
180	-4537.87
185	-4508.24
190	-4490.77
195	-4464.71
200	-4445.4
205	-4420.31
210	-4401.81
215	-4386.14
220	-4374.24
225	-4364.65
230	-4352.41
235	-4347.87
240	-4344.01
245	-4340.32
250	-4340.7
255	-4341.74
260	-4344.74
265	-4343.61
270	-4345.13
275	-4345.98
280	-4345.14
285	-4342.17
290	-4317.13
295	-4297.85
300	-4286.4
305	-3581.49
310	-3503.71
315	-4266.56
320	-4398.17
325	-4421.86
330	-4427.1
335	-4427.39
340	-4430.51
345	-4454.87
350	-4451.86
355	-4457.83
360	-4496.12
365	-4528.94
370	-4542.9
375	-4562.99
380	-4596.48
385	-4591.39
390	-4616.82
395	-4504.46
400	-3356.73
405     -4504.46
500     -4504.46