-500    18.4818
-400	18.4818
-395	18.0311
-390	16.9574
-385	18.5933
-380	17.2125
-375	20.5903
-370	21.3196
-365	20.6311
-360	20.6311
-355	21.3254
-350	20.7695
-345	20.9057
-340	21.5943
-335	21.6366
-330	22.4574
-325	24.1311
-320	25.3634
-315	26.9622
-310	26.4057
-305	25.1
-300	24.4057
-295	23.7574
-290	23.5368
-285	23.1321
-280	24.7366
-275	27.1148
-270	33.2858
-265	47.0686
-260	98.048
-255	126.054
-250	100.641
-245	62.8147
-240	41.0933
-235	34.3421
-230	30.7746
-225	28.8632
-220	26.2157
-215	25.3115
-210	24.6196
-205	23.0756
-200	18.8814
-195	18.9311
-190	17.4487
-185	17.7507
-180	15.8746
-175	13.0279
-170	10.9279
-165	11.45
-160	11.9782
-155	5.82633
-150	3.44832
-145	0.582759
-140	6.61246
-135	12.6004
-130	10.3811
-125	-14.6933
-120	-25.4254
-115	-34.8487
-110	-37.7182
-105	-43.0564
-100	-46.5218
-95	-51.9354
-90	-58.7727
-85	-60.0254
-80	-54.3782
-75	-45.2655
-70	-4.7
-65	13.6121
-60	14.8
-55	132
-50	153.712
-45	162
-40	195.2
-35	195.371
-30	199.813
-25	183.475
-20	170.275
-15	156.562
-10	154.619
-5	166.149
0	174.546
40	104.5
45	102.995
50	59.0111
55	46.6168
60	42.5051
65	28.7945
70	15.0511
75	-8.09762
80	-34.0884
85	-48.738
90	-47.6976
95	-47.7518
100	-49.2269
105	-48.6426
110	-44.2493
115	-42.4952
120	-38.7911
125	-38.2
135	-29.9624
140	-26.4723
145	-24.5548
150	-23.6548
155	-18.555
160	-12.7685
165	-8.42059
170	-6.3909
175	1.70759
180	4.99426
185	7.74496
190	9.79034
195	12.5426
200	14.4321
205	19.9903
210	24.6483
215	28.3598
220	32.3
225	33.1828
230	32.8311
235	31.4914
240	35.0599
245	35.6695
250	37.1483
255	37.8459
260	39.2914
265	41.2634
270	41.9
275	42.4368
280	42.0366
285	42.2244
290	41.9183
295	42
300	42.6787
305	63.0568
310	56.6
315	49.6814
320	46.9964
325	45.8695
330	46.5943
335	47.2057
340	46.6
345	44.7366
350	47.0311
355	48.2081
360	47.7051
365	44.25
370	43.8
375	42.2036
380	40.7853
385	42.1943
390	44.0616
395	51.5905
400	83.6
500     83.6